0.000000000000000000e+00,0.000000000000000000e+00,1.000000000000000000e+00,0.000000000000000000e+00,1.000000000000000000e+00,0.000000000000000000e+00,-1.000000000000000000e+00,0.000000000000000000e+00,0.000000000000000000e+00,0.000000000000000000e+00,0.000000000000000000e+00,5.000000000000000000e-01,0.000000000000000000e+00
0.000000000000000000e+00,0.000000000000000000e+00,1.000000000000000000e+00,0.000000000000000000e+00,1.000000000000000000e+00,0.000000000000000000e+00,-1.000000000000000000e+00,0.000000000000000000e+00,0.000000000000000000e+00,8.024019071229304418e-08,0.000000000000000000e+00,4.999999723171342225e-01,0.000000000000000000e+00
0.000000000000000000e+00,0.000000000000000000e+00,1.000000000000000000e+00,0.000000000000000000e+00,1.000000000000000000e+00,0.000000000000000000e+00,-1.000000000000000000e+00,0.000000000000000000e+00,0.000000000000000000e+00,6.399907429478409790e-07,0.000000000000000000e+00,4.999997792031936616e-01,0.000000000000000000e+00
-1.691325757886282077e-06,0.000000000000000000e+00,9.999999999985696997e-01,0.000000000000000000e+00,1.000000000000000000e+00,0.000000000000000000e+00,-9.999999999985696997e-01,0.000000000000000000e+00,-1.691325757886282077e-06,2.153462837971010178e-06,0.000000000000000000e+00,4.999992570553208893e-01,0.000000000000000000e+00
-3.996975989576322967e-06,0.000000000000000000e+00,9.999999999920120564e-01,0.000000000000000000e+00,1.000000000000000000e+00,0.000000000000000000e+00,-9.999999999920120564e-01,0.000000000000000000e+00,-3.996975989576322967e-06,5.089107889299083349e-06,0.000000000000000000e+00,4.999982442577781683e-01,0.000000000000000000e+00
-7.783013695551161036e-06,0.000000000000000000e+00,9.999999999697123387e-01,0.000000000000000000e+00,1.000000000000000000e+00,0.000000000000000000e+00,-9.999999999697123387e-01,0.000000000000000000e+00,-7.783013695551161036e-06,9.909640814491141032e-06,0.000000000000000000e+00,4.999965811739189858e-01,0.000000000000000000e+00
-1.340836716627146975e-05,0.000000000000000000e+00,9.999999999101077952e-01,0.000000000000000000e+00,1.000000000000000000e+00,0.000000000000000000e+00,-9.999999999101077952e-01,0.000000000000000000e+00,-1.340836716627146975e-05,1.707206330693693795e-05,0.000000000000000000e+00,4.999941101381590869e-01,0.000000000000000000e+00
-2.122749581363167609e-05,0.000000000000000000e+00,9.999999997746966685e-01,0.000000000000000000e+00,1.000000000000000000e+00,0.000000000000000000e+00,-9.999999997746966685e-01,0.000000000000000000e+00,-2.122749581363167609e-05,2.702768710764577150e-05,0.000000000000000000e+00,4.999906754479478965e-01,0.000000000000000000e+00
-3.159040844801258872e-05,0.000000000000000000e+00,9.999999995010230291e-01,0.000000000000000000e+00,1.000000000000000000e+00,0.000000000000000000e+00,-9.999999995010230291e-01,0.000000000000000000e+00,-3.159040844801258872e-05,4.022215727703535768e-05,0.000000000000000000e+00,4.999861233557393869e-01,0.000000000000000000e+00
-4.484268155483776971e-05,0.000000000000000000e+00,9.999999989945669299e-01,0.000000000000000000e+00,1.000000000000000000e+00,0.000000000000000000e+00,-9.999999989945669299e-01,0.000000000000000000e+00,-4.484268155483776971e-05,5.709547546672073831e-05,0.000000000000000000e+00,4.999803020609639992e-01,0.000000000000000000e+00
-6.132547757036751557e-05,0.000000000000000000e+00,9.999999981195929477e-01,0.000000000000000000e+00,1.000000000000000000e+00,0.000000000000000000e+00,-9.999999981195929477e-01,0.000000000000000000e+00,-6.132547757036751557e-05,7.808202319130315525e-05,0.000000000000000000e+00,4.999730617019990109e-01,0.000000000000000000e+00
-8.137556315638855980e-05,0.000000000000000000e+00,9.999999966890088521e-01,0.000000000000000000e+00,1.000000000000000000e+00,0.000000000000000000e+00,-9.999999966890088521e-01,0.000000000000000000e+00,-8.137556315638855980e-05,1.036105851001588806e-04,0.000000000000000000e+00,4.999642543481404577e-01,0.000000000000000000e+00
-1.053253274733750215e-04,0.000000000000000000e+00,9.999999944532876883e-01,0.000000000000000000e+00,1.000000000000000000e+00,0.000000000000000000e+00,-9.999999944532876883e-01,0.000000000000000000e+00,-1.053253274733750215e-04,1.341043722492280400e-04,0.000000000000000000e+00,4.999537339915740009e-01,0.000000000000000000e+00
-1.335028004516083402e-04,0.000000000000000000e+00,9.999999910885011278e-01,0.000000000000000000e+00,1.000000000000000000e+00,0.000000000000000000e+00,-9.999999910885011278e-01,0.000000000000000000e+00,-1.335028004516083402e-04,1.699810453728036700e-04,0.000000000000000000e+00,4.999413565393464043e-01,0.000000000000000000e+00
-1.662316710596507742e-04,0.000000000000000000e+00,9.999999861835157100e-01,0.000000000000000000e+00,1.000000000000000000e+00,0.000000000000000000e+00,-9.999999861835157100e-01,0.000000000000000000e+00,-1.662316710596507742e-04,2.116527381553206123e-04,0.000000000000000000e+00,4.999269798053364577e-01,0.000000000000000000e+00
-2.038313055694708433e-04,0.000000000000000000e+00,9.999999792263992715e-01,0.000000000000000000e+00,1.000000000000000000e+00,0.000000000000000000e+00,-9.999999792263992715e-01,0.000000000000000000e+00,-2.038313055694708433e-04,2.595260805031439138e-04,0.000000000000000000e+00,4.999104635022263987e-01,0.000000000000000000e+00
-2.466167658174211541e-04,0.000000000000000000e+00,9.999999695900849694e-01,0.000000000000000000e+00,1.000000000000000000e+00,0.000000000000000000e+00,-9.999999695900849694e-01,0.000000000000000000e+00,-2.466167658174211541e-04,3.140022218163584871e-04,0.000000000000000000e+00,4.998916692334733902e-01,0.000000000000000000e+00
-2.948988274601645502e-04,0.000000000000000000e+00,9.999999565173398608e-01,0.000000000000000000e+00,1.000000000000000000e+00,0.000000000000000000e+00,-9.999999565173398608e-01,0.000000000000000000e+00,-2.948988274601645502e-04,3.754768542605573336e-04,0.000000000000000000e+00,4.998704604852801103e-01,0.000000000000000000e+00
-3.489839982245449912e-04,0.000000000000000000e+00,9.999999391050826691e-01,0.000000000000000000e+00,1.000000000000000000e+00,0.000000000000000000e+00,-9.999999391050826691e-01,0.000000000000000000e+00,-3.489839982245449912e-04,4.443402360386304725e-04,0.000000000000000000e+00,4.998467026185666739e-01,0.000000000000000000e+00
-4.091745361502950010e-04,0.000000000000000000e+00,9.999999162880959247e-01,0.000000000000000000e+00,1.000000000000000000e+00,0.000000000000000000e+00,-9.999999162880959247e-01,0.000000000000000000e+00,-4.091745361502950010e-04,5.209772146625544923e-04,0.000000000000000000e+00,4.998202628609413889e-01,0.000000000000000000e+00
-4.757684678243654037e-04,0.000000000000000000e+00,9.999998868221761095e-01,0.000000000000000000e+00,1.000000000000000000e+00,0.000000000000000000e+00,-9.999998868221761095e-01,0.000000000000000000e+00,-4.757684678243654037e-04,6.057672502251807475e-04,0.000000000000000000e+00,4.997910102986722891e-01,0.000000000000000000e+00
-5.490596066055648946e-04,0.000000000000000000e+00,9.999998492667628858e-01,0.000000000000000000e+00,1.000000000000000000e+00,0.000000000000000000e+00,-9.999998492667628858e-01,0.000000000000000000e+00,-5.490596066055648946e-04,6.990844386720240430e-04,0.000000000000000000e+00,4.997588158686581128e-01,0.000000000000000000e+00
-6.293375708380913097e-04,0.000000000000000000e+00,9.999998019670913729e-01,0.000000000000000000e+00,1.000000000000000000e+00,0.000000000000000000e+00,-9.999998019670913729e-01,0.000000000000000000e+00,-6.293375708380913097e-04,8.012975350730524573e-04,0.000000000000000000e+00,4.997235523503997801e-01,0.000000000000000000e+00
-7.168878020524374140e-04,0.000000000000000000e+00,9.999997430359066630e-01,0.000000000000000000e+00,1.000000000000000000e+00,0.000000000000000000e+00,-9.999997430359066630e-01,0.000000000000000000e+00,-7.168878020524374140e-04,9.127699768944746170e-04,0.000000000000000000e+00,4.996850943579713711e-01,0.000000000000000000e+00
-8.119915831520585145e-04,0.000000000000000000e+00,9.999996703347800997e-01,0.000000000000000000e+00,1.000000000000000000e+00,0.000000000000000000e+00,-9.999996703347800997e-01,0.000000000000000000e+00,-8.119915831520585145e-04,1.033859907270531309e-03,0.000000000000000000e+00,4.996433183319916593e-01,0.000000000000000000e+00
-9.149260565840875012e-04,0.000000000000000000e+00,9.999995814550679540e-01,0.000000000000000000e+00,1.000000000000000000e+00,0.000000000000000000e+00,-9.999995814550679540e-01,0.000000000000000000e+00,-9.149260565840875012e-04,1.164920198275280804e-03,0.000000000000000000e+00,4.995981025315950341e-01,0.000000000000000000e+00
-1.025964242492303233e-03,0.000000000000000000e+00,9.999994736985480248e-01,0.000000000000000000e+00,1.000000000000000000e+00,0.000000000000000000e+00,-9.999994736985480248e-01,0.000000000000000000e+00,-1.025964242492303233e-03,1.306298474194391877e-03,0.000000000000000000e+00,4.995493270264029229e-01,0.000000000000000000e+00
-1.145375056850450688e-03,0.000000000000000000e+00,9.999993440577744641e-01,0.000000000000000000e+00,1.000000000000000000e+00,0.000000000000000000e+00,-9.999993440577744641e-01,0.000000000000000000e+00,-1.145375056850450688e-03,1.458337134796928048e-03,0.000000000000000000e+00,4.994968736884950467e-01,0.000000000000000000e+00
-1.273423329573952854e-03,0.000000000000000000e+00,9.999991891961831358e-01,0.000000000000000000e+00,1.000000000000000000e+00,0.000000000000000000e+00,-9.999991891961831358e-01,0.000000000000000000e+00,-1.273423329573952854e-03,1.621373378607139518e-03,0.000000000000000000e+00,4.994406261843805650e-01,0.000000000000000000e+00
-1.410369822607946246e-03,0.000000000000000000e+00,9.999990054279871421e-01,0.000000000000000000e+00,1.000000000000000000e+00,0.000000000000000000e+00,-9.999990054279871421e-01,0.000000000000000000e+00,-1.410369822607946246e-03,1.795739226176251962e-03,0.000000000000000000e+00,4.993804699669691649e-01,0.000000000000000000e+00
-1.556471247989518270e-03,0.000000000000000000e+00,9.999987886978934926e-01,0.000000000000000000e+00,1.000000000000000000e+00,0.000000000000000000e+00,-9.999987886978934926e-01,0.000000000000000000e+00,-1.556471247989518270e-03,1.981761543354253370e-03,0.000000000000000000e+00,4.993162922675427606e-01,0.000000000000000000e+00
-1.711980285881945603e-03,0.000000000000000000e+00,9.999985345606766662e-01,0.000000000000000000e+00,1.000000000000000000e+00,0.000000000000000000e+00,-9.999985345606766662e-01,0.000000000000000000e+00,-1.711980285881945603e-03,2.179762064561687612e-03,0.000000000000000000e+00,4.992479820877261942e-01,0.000000000000000000e+00
-1.877145602578658614e-03,0.000000000000000000e+00,9.999982381606413728e-01,0.000000000000000000e+00,1.000000000000000000e+00,0.000000000000000000e+00,-9.999982381606413728e-01,0.000000000000000000e+00,-1.877145602578658614e-03,2.390057416061436724e-03,0.000000000000000000e+00,4.991754301914587688e-01,0.000000000000000000e+00
-2.052211868474621177e-03,0.000000000000000000e+00,9.999978942110062663e-01,0.000000000000000000e+00,1.000000000000000000e+00,0.000000000000000000e+00,-9.999978942110062663e-01,0.000000000000000000e+00,-2.052211868474621177e-03,2.612959139230513605e-03,0.000000000000000000e+00,4.990985290969654486e-01,0.000000000000000000e+00
-2.237419776002738236e-03,0.000000000000000000e+00,9.999974969732403629e-01,0.000000000000000000e+00,1.000000000000000000e+00,0.000000000000000000e+00,-9.999974969732403629e-01,0.000000000000000000e+00,-2.237419776002738236e-03,2.848773713831851458e-03,0.000000000000000000e+00,4.990171730687280038e-01,0.000000000000000000e+00
-2.433006057532856661e-03,0.000000000000000000e+00,9.999970402363819177e-01,0.000000000000000000e+00,1.000000000000000000e+00,0.000000000000000000e+00,-9.999970402363819177e-01,0.000000000000000000e+00,-2.433006057532856661e-03,3.097802581286088902e-03,0.000000000000000000e+00,4.989312581094562660e-01,0.000000000000000000e+00
-2.639203503230912358e-03,0.000000000000000000e+00,9.999965172963696247e-01,0.000000000000000000e+00,1.000000000000000000e+00,0.000000000000000000e+00,-9.999965172963696247e-01,0.000000000000000000e+00,-2.639203503230912358e-03,3.360342167943368083e-03,0.000000000000000000e+00,4.988406819520595503e-01,0.000000000000000000e+00
-2.856240978875680941e-03,0.000000000000000000e+00,9.999959209354158940e-01,0.000000000000000000e+00,1.000000000000000000e+00,0.000000000000000000e+00,-9.999959209354158940e-01,0.000000000000000000e+00,-2.856240978875680941e-03,3.636683908355109376e-03,0.000000000000000000e+00,4.987453440516174674e-01,0.000000000000000000e+00
-3.084343443630638542e-03,0.000000000000000000e+00,9.999952434014482971e-01,0.000000000000000000e+00,1.000000000000000000e+00,0.000000000000000000e+00,-9.999952434014482971e-01,0.000000000000000000e+00,-3.084343443630638542e-03,3.927114268545812970e-03,0.000000000000000000e+00,4.986451455773516783e-01,0.000000000000000000e+00
-3.323731967768344536e-03,0.000000000000000000e+00,9.999944763876480458e-01,0.000000000000000000e+00,1.000000000000000000e+00,0.000000000000000000e+00,-9.999944763876480458e-01,0.000000000000000000e+00,-3.323731967768344536e-03,4.231914769284839638e-03,0.000000000000000000e+00,4.985399894045967062e-01,0.000000000000000000e+00
-3.574623750344784433e-03,0.000000000000000000e+00,9.999936110121121491e-01,0.000000000000000000e+00,1.000000000000000000e+00,0.000000000000000000e+00,-9.999936110121121491e-01,0.000000000000000000e+00,-3.574623750344784433e-03,4.551362009358204952e-03,0.000000000000000000e+00,4.984297801067714140e-01,0.000000000000000000e+00
-3.837232136821081691e-03,0.000000000000000000e+00,9.999926377976630087e-01,0.000000000000000000e+00,1.000000000000000000e+00,0.000000000000000000e+00,-9.999926377976630087e-01,0.000000000000000000e+00,-3.837232136821081691e-03,4.885727688840363521e-03,0.000000000000000000e+00,4.983144239473500936e-01,0.000000000000000000e+00
-4.111766636629999791e-03,0.000000000000000000e+00,9.999915466518334295e-01,0.000000000000000000e+00,1.000000000000000000e+00,0.000000000000000000e+00,-9.999915466518334295e-01,0.000000000000000000e+00,-4.111766636629999791e-03,5.235278632366001036e-03,0.000000000000000000e+00,4.981938288718337771e-01,0.000000000000000000e+00
-4.398432940684640288e-03,0.000000000000000000e+00,9.999903268470482498e-01,0.000000000000000000e+00,1.000000000000000000e+00,0.000000000000000000e+00,-9.999903268470482498e-01,0.000000000000000000e+00,-4.398432940684640288e-03,5.600276812401824150e-03,0.000000000000000000e+00,4.980679044997213811e-01,0.000000000000000000e+00
-4.697432938826765110e-03,0.000000000000000000e+00,9.999889670010291276e-01,0.000000000000000000e+00,1.000000000000000000e+00,0.000000000000000000e+00,-9.999889670010291276e-01,0.000000000000000000e+00,-4.697432938826765110e-03,5.980979372518346882e-03,0.000000000000000000e+00,4.979365621164811850e-01,0.000000000000000000e+00
-5.008964737212189162e-03,0.000000000000000000e+00,9.999874550574429088e-01,0.000000000000000000e+00,1.000000000000000000e+00,0.000000000000000000e+00,-9.999874550574429088e-01,0.000000000000000000e+00,-5.008964737212189162e-03,6.377638650661676158e-03,0.000000000000000000e+00,4.977997146655217531e-01,0.000000000000000000e+00
-5.333222675630707073e-03,0.000000000000000000e+00,9.999857782668172268e-01,0.000000000000000000e+00,1.000000000000000000e+00,0.000000000000000000e+00,-9.999857782668172268e-01,0.000000000000000000e+00,-5.333222675630707073e-03,6.790502202425308630e-03,0.000000000000000000e+00,4.976572767401633013e-01,0.000000000000000000e+00
-5.670397344758050864e-03,0.000000000000000000e+00,9.999839231677439821e-01,0.000000000000000000e+00,1.000000000000000000e+00,0.000000000000000000e+00,-9.999839231677439821e-01,0.000000000000000000e+00,-5.670397344758050864e-03,7.219812824321916213e-03,0.000000000000000000e+00,4.975091645756089531e-01,0.000000000000000000e+00
-6.020675603337405715e-03,0.000000000000000000e+00,9.999818755683921312e-01,0.000000000000000000e+00,1.000000000000000000e+00,0.000000000000000000e+00,-9.999818755683921312e-01,0.000000000000000000e+00,-6.020675603337405715e-03,7.665808577055135964e-03,0.000000000000000000e+00,4.973552960409159951e-01,0.000000000000000000e+00
-6.384240595288059525e-03,0.000000000000000000e+00,9.999796205283493222e-01,0.000000000000000000e+00,1.000000000000000000e+00,0.000000000000000000e+00,-9.999796205283493222e-01,0.000000000000000000e+00,-6.384240595288059525e-03,8.128722808791347815e-03,0.000000000000000000e+00,4.971955906309669659e-01,0.000000000000000000e+00
-6.761271766738839208e-03,0.000000000000000000e+00,9.999771423408118087e-01,0.000000000000000000e+00,1.000000000000000000e+00,0.000000000000000000e+00,-9.999771423408118087e-01,0.000000000000000000e+00,-6.761271766738839208e-03,8.608784178431479195e-03,0.000000000000000000e+00,4.970299694584411343e-01,0.000000000000000000e+00
-7.151944882983987499e-03,0.000000000000000000e+00,9.999744245151426236e-01,0.000000000000000000e+00,1.000000000000000000e+00,0.000000000000000000e+00,-9.999744245151426236e-01,0.000000000000000000e+00,-7.151944882983987499e-03,9.106216678882799245e-03,0.000000000000000000e+00,4.968583552457854213e-01,0.000000000000000000e+00
-7.556432045359193043e-03,0.000000000000000000e+00,9.999714497598137797e-01,0.000000000000000000e+00,1.000000000000000000e+00,0.000000000000000000e+00,-9.999714497598137797e-01,0.000000000000000000e+00,-7.556432045359193043e-03,9.621239660330674001e-03,0.000000000000000000e+00,4.966806723171859339e-01,0.000000000000000000e+00
-7.974901708035697298e-03,0.000000000000000000e+00,9.999681999657524800e-01,0.000000000000000000e+00,1.000000000000000000e+00,0.000000000000000000e+00,-9.999681999657524800e-01,0.000000000000000000e+00,-7.974901708035697298e-03,1.015406785351039010e-02,0.000000000000000000e+00,4.964968465905389428e-01,0.000000000000000000e+00
-8.407518694730237857e-03,0.000000000000000000e+00,9.999646561901064379e-01,0.000000000000000000e+00,1.000000000000000000e+00,0.000000000000000000e+00,-9.999646561901064379e-01,0.000000000000000000e+00,-8.407518694730237857e-03,1.070491139297893163e-02,0.000000000000000000e+00,4.963068055694223046e-01,0.000000000000000000e+00
-8.854444215328886175e-03,0.000000000000000000e+00,9.999607986404455140e-01,0.000000000000000000e+00,1.000000000000000000e+00,0.000000000000000000e+00,-9.999607986404455140e-01,0.000000000000000000e+00,-8.854444215328886175e-03,1.127397584038676223e-02,0.000000000000000000e+00,4.961104783350665515e-01,0.000000000000000000e+00
-9.315835882422789094e-03,0.000000000000000000e+00,9.999566066594148817e-01,0.000000000000000000e+00,1.000000000000000000e+00,0.000000000000000000e+00,-9.999566066594148817e-01,0.000000000000000000e+00,-9.315835882422789094e-03,1.186146220774962623e-02,0.000000000000000000e+00,4.959077955383263681e-01,0.000000000000000000e+00
-9.791847727753993577e-03,0.000000000000000000e+00,9.999520587098545965e-01,0.000000000000000000e+00,1.000000000000000000e+00,0.000000000000000000e+00,-9.999520587098545965e-01,0.000000000000000000e+00,-9.791847727753993577e-03,1.246756698072032724e-02,0.000000000000000000e+00,4.956986893916514592e-01,0.000000000000000000e+00
-1.028263021856957310e-02,0.000000000000000000e+00,9.999471323604004480e-01,0.000000000000000000e+00,1.000000000000000000e+00,0.000000000000000000e+00,-9.999471323604004480e-01,0.000000000000000000e+00,-1.028263021856957310e-02,1.309248214186052237e-02,0.000000000000000000e+00,4.954830936610581382e-01,0.000000000000000000e+00
-1.078833027388241203e-02,0.000000000000000000e+00,9.999418042715794153e-01,0.000000000000000000e+00,1.000000000000000000e+00,0.000000000000000000e+00,-9.999418042715794153e-01,0.000000000000000000e+00,-1.078833027388241203e-02,1.373639519391250431e-02,0.000000000000000000e+00,4.952609436581001945e-01,0.000000000000000000e+00
-1.130909128063715442e-02,0.000000000000000000e+00,9.999360501824134939e-01,0.000000000000000000e+00,1.000000000000000000e+00,0.000000000000000000e+00,-9.999360501824134939e-01,0.000000000000000000e+00,-1.130909128063715442e-02,1.439948918307101811e-02,0.000000000000000000e+00,4.950321762318405372e-01,0.000000000000000000e+00
-1.184505310977975248e-02,0.000000000000000000e+00,9.999298448975439957e-01,0.000000000000000000e+00,1.000000000000000000e+00,0.000000000000000000e+00,-9.999298448975439957e-01,0.000000000000000000e+00,-1.184505310977975248e-02,1.508194272225499982e-02,0.000000000000000000e+00,4.947967297608220072e-01,0.000000000000000000e+00
-1.239635213222948541e-02,0.000000000000000000e+00,9.999231622748888659e-01,0.000000000000000000e+00,1.000000000000000000e+00,0.000000000000000000e+00,-9.999231622748888659e-01,0.000000000000000000e+00,-1.239635213222948541e-02,1.578393001437940549e-02,0.000000000000000000e+00,4.945545441450391322e-01,0.000000000000000000e+00
-1.296312123475212678e-02,0.000000000000000000e+00,9.999159752138442325e-01,0.000000000000000000e+00,1.000000000000000000e+00,0.000000000000000000e+00,-9.999159752138442325e-01,0.000000000000000000e+00,-1.296312123475212678e-02,1.650562087562698968e-02,0.000000000000000000e+00,4.943055607979086608e-01,0.000000000000000000e+00
-1.354548983573323172e-02,0.000000000000000000e+00,9.999082556440416214e-01,0.000000000000000000e+00,1.000000000000000000e+00,0.000000000000000000e+00,-9.999082556440416214e-01,0.000000000000000000e+00,-1.354548983573323172e-02,1.724718075872009107e-02,0.000000000000000000e+00,4.940497226382415397e-01,0.000000000000000000e+00
-1.414358390085063318e-02,0.000000000000000000e+00,9.998999745146709417e-01,0.000000000000000000e+00,1.000000000000000000e+00,0.000000000000000000e+00,-9.998999745146709417e-01,0.000000000000000000e+00,-1.414358390085063318e-02,1.800877077619240929e-02,0.000000000000000000e+00,4.937869740822136144e-01,0.000000000000000000e+00
-1.475752595864536151e-02,0.000000000000000000e+00,9.998911017843792326e-01,0.000000000000000000e+00,1.000000000000000000e+00,0.000000000000000000e+00,-9.998911017843792326e-01,0.000000000000000000e+00,-1.475752595864536151e-02,1.879054772366083384e-02,0.000000000000000000e+00,4.935172610353369960e-01,0.000000000000000000e+00
-1.538743511599025178e-02,0.000000000000000000e+00,9.998816064117547198e-01,0.000000000000000000e+00,1.000000000000000000e+00,0.000000000000000000e+00,-9.998816064117547198e-01,0.000000000000000000e+00,-1.538743511599025178e-02,1.959266410309718626e-02,0.000000000000000000e+00,4.932405308844314273e-01,0.000000000000000000e+00
-1.603342707345584497e-02,0.000000000000000000e+00,9.998714563464046190e-01,0.000000000000000000e+00,1.000000000000000000e+00,0.000000000000000000e+00,-9.998714563464046190e-01,0.000000000000000000e+00,-1.603342707345584497e-02,2.041526814610003515e-02,0.000000000000000000e+00,4.929567324895954838e-01,0.000000000000000000e+00
-1.669561414057312010e-02,0.000000000000000000e+00,9.998606185206361241e-01,0.000000000000000000e+00,1.000000000000000000e+00,0.000000000000000000e+00,-9.998606185206361241e-01,0.000000000000000000e+00,-1.669561414057312010e-02,2.125850383716648695e-02,0.000000000000000000e+00,4.926658161761776067e-01,0.000000000000000000e+00
-1.737410525099285230e-02,0.000000000000000000e+00,9.998490588417471292e-01,0.000000000000000000e+00,1.000000000000000000e+00,0.000000000000000000e+00,-9.998490588417471292e-01,0.000000000000000000e+00,-1.737410525099285230e-02,2.212251093696392806e-02,0.000000000000000000e+00,4.923677337267474141e-01,0.000000000000000000e+00
-1.806900597754165436e-02,0.000000000000000000e+00,9.998367421849346792e-01,0.000000000000000000e+00,1.000000000000000000e+00,0.000000000000000000e+00,-9.998367421849346792e-01,0.000000000000000000e+00,-1.806900597754165436e-02,2.300742500560192666e-02,0.000000000000000000e+00,4.920624383730673457e-01,0.000000000000000000e+00
-1.878041854717452455e-02,0.000000000000000000e+00,9.998236323868290309e-01,0.000000000000000000e+00,1.000000000000000000e+00,0.000000000000000000e+00,-9.998236323868290309e-01,0.000000000000000000e+00,-1.878041854717452455e-02,2.391337742590388463e-02,0.000000000000000000e+00,4.917498847880631407e-01,0.000000000000000000e+00
-1.950844185582444393e-02,0.000000000000000000e+00,9.998096922396570996e-01,0.000000000000000000e+00,1.000000000000000000e+00,0.000000000000000000e+00,-9.998096922396570996e-01,0.000000000000000000e+00,-1.950844185582444393e-02,2.484049542667890464e-02,0.000000000000000000e+00,4.914300290777958158e-01,0.000000000000000000e+00
-2.025317148314925361e-02,0.000000000000000000e+00,9.997948834860449496e-01,0.000000000000000000e+00,1.000000000000000000e+00,0.000000000000000000e+00,-9.997948834860449496e-01,0.000000000000000000e+00,-2.025317148314925361e-02,2.578890210599356705e-02,0.000000000000000000e+00,4.911028287734321984e-01,0.000000000000000000e+00
-2.101469970717640898e-02,0.000000000000000000e+00,9.997791668144606625e-01,0.000000000000000000e+00,1.000000000000000000e+00,0.000000000000000000e+00,-9.997791668144606625e-01,0.000000000000000000e+00,-2.101469970717640898e-02,2.675871645444372060e-02,0.000000000000000000e+00,4.907682428232169047e-01,0.000000000000000000e+00
-2.179311551884636697e-02,0.000000000000000000e+00,9.997625018553067955e-01,0.000000000000000000e+00,1.000000000000000000e+00,0.000000000000000000e+00,-9.997625018553067955e-01,0.000000000000000000e+00,-2.179311551884636697e-02,2.775005337842626971e-02,0.000000000000000000e+00,4.904262315844429287e-01,0.000000000000000000e+00
-2.258850463645548437e-02,0.000000000000000000e+00,9.997448471776629875e-01,0.000000000000000000e+00,1.000000000000000000e+00,0.000000000000000000e+00,-9.997448471776629875e-01,0.000000000000000000e+00,-2.258850463645548437e-02,2.876302372341094093e-02,0.000000000000000000e+00,4.900767568154232312e-01,0.000000000000000000e+00
-2.340094951999950601e-02,0.000000000000000000e+00,9.997261602866869268e-01,0.000000000000000000e+00,1.000000000000000000e+00,0.000000000000000000e+00,-9.997261602866869268e-01,0.000000000000000000e+00,-2.340094951999950601e-02,2.979773429721210842e-02,0.000000000000000000e+00,4.897197816674618287e-01,0.000000000000000000e+00
-2.423052938541885373e-02,0.000000000000000000e+00,9.997063976216729042e-01,0.000000000000000000e+00,1.000000000000000000e+00,0.000000000000000000e+00,-9.997063976216729042e-01,0.000000000000000000e+00,-2.423052938541885373e-02,3.085428789326054647e-02,0.000000000000000000e+00,4.893552706768251603e-01,0.000000000000000000e+00
-2.507732021874713516e-02,0.000000000000000000e+00,9.996855145547756116e-01,0.000000000000000000e+00,1.000000000000000000e+00,0.000000000000000000e+00,-9.996855145547756116e-01,0.000000000000000000e+00,-2.507732021874713516e-02,3.193278331387525842e-02,0.000000000000000000e+00,4.889831897567130103e-01,0.000000000000000000e+00
-2.594139479016441610e-02,0.000000000000000000e+00,9.996634653903986312e-01,0.000000000000000000e+00,1.000000000000000000e+00,0.000000000000000000e+00,-9.996634653903986312e-01,0.000000000000000000e+00,-2.594139479016441610e-02,3.303331539353523277e-02,0.000000000000000000e+00,4.886035061892303188e-01,0.000000000000000000e+00
-2.682282266795699838e-02,0.000000000000000000e+00,9.996402033652524999e-01,0.000000000000000000e+00,1.000000000000000000e+00,0.000000000000000000e+00,-9.996402033652524999e-01,0.000000000000000000e+00,-2.682282266795699838e-02,3.415597502215125120e-02,0.000000000000000000e+00,4.882161886173578269e-01,0.000000000000000000e+00
-2.772167023238562844e-02,0.000000000000000000e+00,9.996156806490816837e-01,0.000000000000000000e+00,1.000000000000000000e+00,0.000000000000000000e+00,-9.996156806490816837e-01,0.000000000000000000e+00,-2.772167023238562844e-02,3.530084916833763770e-02,0.000000000000000000e+00,4.878212070369234987e-01,0.000000000000000000e+00
-2.863800068946423250e-02,0.000000000000000000e+00,9.995898483460654571e-01,0.000000000000000000e+00,1.000000000000000000e+00,0.000000000000000000e+00,-9.995898483460654571e-01,0.000000000000000000e+00,-2.863800068946423250e-02,3.646802090268412566e-02,0.000000000000000000e+00,4.874185327885739993e-01,0.000000000000000000e+00
-2.957187408465133255e-02,0.000000000000000000e+00,9.995626564968909111e-01,0.000000000000000000e+00,1.000000000000000000e+00,0.000000000000000000e+00,-9.995626564968909111e-01,0.000000000000000000e+00,-2.957187408465133255e-02,3.765756942102758964e-02,0.000000000000000000e+00,4.870081385497454507e-01,0.000000000000000000e+00
-3.052334731645661020e-02,0.000000000000000000e+00,9.995340540814999786e-01,0.000000000000000000e+00,1.000000000000000000e+00,0.000000000000000000e+00,-9.995340540814999786e-01,0.000000000000000000e+00,-3.052334731645661020e-02,3.886957006772381873e-02,0.000000000000000000e+00,4.865899983266352424e-01,0.000000000000000000e+00
-3.149247414996529659e-02,0.000000000000000000e+00,9.995039890225120294e-01,0.000000000000000000e+00,1.000000000000000000e+00,0.000000000000000000e+00,-9.995039890225120294e-01,0.000000000000000000e+00,-3.149247414996529659e-02,4.010409435891934549e-02,0.000000000000000000e+00,4.861640874461727879e-01,0.000000000000000000e+00
-3.247930523028296629e-02,0.000000000000000000e+00,9.994724081893197054e-01,0.000000000000000000e+00,1.000000000000000000e+00,0.000000000000000000e+00,-9.994724081893197054e-01,0.000000000000000000e+00,-3.247930523028296629e-02,4.136121000582324014e-02,0.000000000000000000e+00,4.857303825479909465e-01,0.000000000000000000e+00
-3.348388809590371884e-02,0.000000000000000000e+00,9.994392574028603260e-01,0.000000000000000000e+00,1.000000000000000000e+00,0.000000000000000000e+00,-9.994392574028603260e-01,0.000000000000000000e+00,-3.348388809590371884e-02,4.264098093797883543e-02,0.000000000000000000e+00,4.852888615763972791e-01,0.000000000000000000e+00
-3.450626719200494685e-02,0.000000000000000000e+00,9.994044814410599775e-01,0.000000000000000000e+00,1.000000000000000000e+00,0.000000000000000000e+00,-9.994044814410599775e-01,0.000000000000000000e+00,-3.450626719200494685e-02,4.394346732653562487e-02,0.000000000000000000e+00,4.848395037723451928e-01,0.000000000000000000e+00
-3.554648388367163264e-02,0.000000000000000000e+00,9.993680240449500651e-01,0.000000000000000000e+00,1.000000000000000000e+00,0.000000000000000000e+00,-9.993680240449500651e-01,0.000000000000000000e+00,-3.554648388367163264e-02,4.526872560752089741e-02,0.000000000000000000e+00,4.843822896654052523e-01,0.000000000000000000e+00
-3.660457646905407314e-02,0.000000000000000000e+00,9.993298279254558825e-01,0.000000000000000000e+00,1.000000000000000000e+00,0.000000000000000000e+00,-9.993298279254558825e-01,0.000000000000000000e+00,-3.660457646905407314e-02,4.661680850511173285e-02,0.000000000000000000e+00,4.839172010657364353e-01,0.000000000000000000e+00
-3.768058019246189883e-02,0.000000000000000000e+00,9.992898347708534246e-01,0.000000000000000000e+00,1.000000000000000000e+00,0.000000000000000000e+00,-9.992898347708534246e-01,0.000000000000000000e+00,-3.768058019246189883e-02,4.798776505490658789e-02,0.000000000000000000e+00,4.834442210560572772e-01,0.000000000000000000e+00
-3.877452725739882061e-02,0.000000000000000000e+00,9.992479852548942221e-01,0.000000000000000000e+00,1.000000000000000000e+00,0.000000000000000000e+00,-9.992479852548942221e-01,0.000000000000000000e+00,-3.877452725739882061e-02,4.938164062719716668e-02,0.000000000000000000e+00,4.829633339836169603e-01,0.000000000000000000e+00
-3.988644683954158804e-02,0.000000000000000000e+00,9.992042190455945327e-01,0.000000000000000000e+00,1.000000000000000000e+00,0.000000000000000000e+00,-9.992042190455945327e-01,0.000000000000000000e+00,-3.988644683954158804e-02,5.079847695024029830e-02,0.000000000000000000e+00,4.824745254521670690e-01,0.000000000000000000e+00
-4.101636509966709310e-02,0.000000000000000000e+00,9.991584748146866701e-01,0.000000000000000000e+00,1.000000000000000000e+00,0.000000000000000000e+00,-9.991584748146866701e-01,0.000000000000000000e+00,-4.101636509966709310e-02,5.223831213352952973e-02,0.000000000000000000e+00,4.819777823139323458e-01,0.000000000000000000e+00
-4.216430519653216469e-02,0.000000000000000000e+00,9.991106902477291385e-01,0.000000000000000000e+00,1.000000000000000000e+00,0.000000000000000000e+00,-9.991106902477291385e-01,0.000000000000000000e+00,-4.216430519653216469e-02,5.370118069106710745e-02,0.000000000000000000e+00,4.814730926615818363e-01,0.000000000000000000e+00
-4.333028729971007825e-02,0.000000000000000000e+00,9.990608020548722434e-01,0.000000000000000000e+00,1.000000000000000000e+00,0.000000000000000000e+00,-9.990608020548722434e-01,0.000000000000000000e+00,-4.333028729971007825e-02,5.518711356463565365e-02,0.000000000000000000e+00,4.809604458202006994e-01,0.000000000000000000e+00
-4.451432860238829087e-02,0.000000000000000000e+00,9.990087459822755145e-01,0.000000000000000000e+00,1.000000000000000000e+00,0.000000000000000000e+00,-9.990087459822755145e-01,0.000000000000000000e+00,-4.451432860238829087e-02,5.669613814706998822e-02,0.000000000000000000e+00,4.804398323392608527e-01,0.000000000000000000e+00
-4.571644333413212719e-02,0.000000000000000000e+00,9.989544568241722766e-01,0.000000000000000000e+00,1.000000000000000000e+00,0.000000000000000000e+00,-9.989544568241722766e-01,0.000000000000000000e+00,-4.571644333413212719e-02,5.822827830552890216e-02,0.000000000000000000e+00,4.799112439845925060e-01,0.000000000000000000e+00
-4.693664277361911386e-02,0.000000000000000000e+00,9.988978684355781512e-01,0.000000000000000000e+00,1.000000000000000000e+00,0.000000000000000000e+00,-9.988978684355781512e-01,0.000000000000000000e+00,-4.693664277361911386e-02,5.978355440476706278e-02,0.000000000000000000e+00,4.793746737303553607e-01,0.000000000000000000e+00
-4.817493526134852821e-02,0.000000000000000000e+00,9.988389137456373801e-01,0.000000000000000000e+00,1.000000000000000000e+00,0.000000000000000000e+00,-9.988389137456373801e-01,0.000000000000000000e+00,-4.817493526134852821e-02,6.136198333040651653e-02,0.000000000000000000e+00,4.788301157510097550e-01,0.000000000000000000e+00
-4.943132621233188584e-02,0.000000000000000000e+00,9.987775247716029758e-01,0.000000000000000000e+00,1.000000000000000000e+00,0.000000000000000000e+00,-9.987775247716029758e-01,0.000000000000000000e+00,-4.943132621233188584e-02,6.296357851220880930e-02,0.000000000000000000e+00,4.782775654132879750e-01,0.000000000000000000e+00
-5.070581812876862743e-02,0.000000000000000000e+00,9.987136326334452585e-01,0.000000000000000000e+00,1.000000000000000000e+00,0.000000000000000000e+00,-9.987136326334452585e-01,0.000000000000000000e+00,-5.070581812876862743e-02,6.458834994734656554e-02,0.000000000000000000e+00,4.777170192681654548e-01,0.000000000000000000e+00
-5.199841061271291004e-02,0.000000000000000000e+00,9.986471675690827832e-01,0.000000000000000000e+00,1.000000000000000000e+00,0.000000000000000000e+00,-9.986471675690827832e-01,0.000000000000000000e+00,-5.199841061271291004e-02,6.623630422367536574e-02,0.000000000000000000e+00,4.771484750428320321e-01,0.000000000000000000e+00
-5.330910037873647783e-02,0.000000000000000000e+00,9.985780589502304405e-01,0.000000000000000000e+00,1.000000000000000000e+00,0.000000000000000000e+00,-9.985780589502304405e-01,0.000000000000000000e+00,-5.330910037873647783e-02,6.790744454300545740e-02,0.000000000000000000e+00,4.765719316326630928e-01,0.000000000000000000e+00
-5.463788126659336469e-02,0.000000000000000000e+00,9.985062352988576251e-01,0.000000000000000000e+00,1.000000000000000000e+00,0.000000000000000000e+00,-9.985062352988576251e-01,0.000000000000000000e+00,-5.463788126659336469e-02,6.960177074437368105e-02,0.000000000000000000e+00,4.759873890931911045e-01,0.000000000000000000e+00
-5.598474425389172310e-02,0.000000000000000000e+00,9.984316243042516970e-01,0.000000000000000000e+00,1.000000000000000000e+00,0.000000000000000000e+00,-9.984316243042516970e-01,0.000000000000000000e+00,-5.598474425389172310e-02,7.131927932731514652e-02,0.000000000000000000e+00,4.753948486320762612e-01,0.000000000000000000e+00
-5.734967746877861483e-02,0.000000000000000000e+00,9.983541528406776333e-01,0.000000000000000000e+00,1.000000000000000000e+00,0.000000000000000000e+00,-9.983541528406776333e-01,0.000000000000000000e+00,-5.734967746877861483e-02,7.305996347513493694e-02,0.000000000000000000e+00,4.747943126010784054e-01,0.000000000000000000e+00
-5.873266620264382121e-02,0.000000000000000000e+00,9.982737469856296508e-01,0.000000000000000000e+00,1.000000000000000000e+00,0.000000000000000000e+00,-9.982737469856296508e-01,0.000000000000000000e+00,-5.873266620264382121e-02,7.482381307818022909e-02,0.000000000000000000e+00,4.741857844880278394e-01,0.000000000000000000e+00
-6.013369292284766188e-02,0.000000000000000000e+00,9.981903320386651401e-01,0.000000000000000000e+00,1.000000000000000000e+00,0.000000000000000000e+00,-9.981903320386651401e-01,0.000000000000000000e+00,-6.013369292284766188e-02,7.661081475711156719e-02,0.000000000000000000e+00,4.735692689087964702e-01,0.000000000000000000e+00
-6.155273728548019824e-02,0.000000000000000000e+00,9.981038325408156942e-01,0.000000000000000000e+00,1.000000000000000000e+00,0.000000000000000000e+00,-9.981038325408156942e-01,0.000000000000000000e+00,-6.155273728548019824e-02,7.842095188617530244e-02,0.000000000000000000e+00,4.729447715992695644e-01,0.000000000000000000e+00
-6.298977614815608195e-02,0.000000000000000000e+00,9.980141722945647942e-01,0.000000000000000000e+00,1.000000000000000000e+00,0.000000000000000000e+00,-9.980141722945647942e-01,0.000000000000000000e+00,-6.298977614815608195e-02,8.025420461647467252e-02,0.000000000000000000e+00,4.723122994073162273e-01,0.000000000000000000e+00
-6.444478358285304909e-02,0.000000000000000000e+00,9.979212743843871580e-01,0.000000000000000000e+00,1.000000000000000000e+00,0.000000000000000000e+00,-9.979212743843871580e-01,0.000000000000000000e+00,-6.444478358285304909e-02,8.211054989924222725e-02,0.000000000000000000e+00,4.716718602847614350e-01,0.000000000000000000e+00
-6.591773088879858411e-02,0.000000000000000000e+00,9.978250611978394247e-01,0.000000000000000000e+00,1.000000000000000000e+00,0.000000000000000000e+00,-9.978250611978394247e-01,0.000000000000000000e+00,-6.591773088879858411e-02,8.398996150911114400e-02,0.000000000000000000e+00,4.710234632793566800e-01,0.000000000000000000e+00
-6.740858660541222680e-02,0.000000000000000000e+00,9.977254544471944042e-01,0.000000000000000000e+00,1.000000000000000000e+00,0.000000000000000000e+00,-9.977254544471944042e-01,0.000000000000000000e+00,-6.740858660541222680e-02,8.589241006738733419e-02,0.000000000000000000e+00,4.703671185267513377e-01,0.000000000000000000e+00
-6.891731652530896923e-02,0.000000000000000000e+00,9.976223751916104554e-01,0.000000000000000000e+00,1.000000000000000000e+00,0.000000000000000000e+00,-9.976223751916104554e-01,0.000000000000000000e+00,-6.891731652530896923e-02,8.781786306532099462e-02,0.000000000000000000e+00,4.697028372424642551e-01,0.000000000000000000e+00
-7.044388370737085514e-02,0.000000000000000000e+00,9.975157438598262205e-01,0.000000000000000000e+00,1.000000000000000000e+00,0.000000000000000000e+00,-9.975157438598262205e-01,0.000000000000000000e+00,-7.044388370737085514e-02,8.976628488737858902e-02,0.000000000000000000e+00,4.690306317138543957e-01,0.000000000000000000e+00
-7.198824848989252012e-02,0.000000000000000000e+00,9.974054802733728353e-01,0.000000000000000000e+00,1.000000000000000000e+00,0.000000000000000000e+00,-9.974054802733728353e-01,0.000000000000000000e+00,-7.198824848989252012e-02,9.173763683451462148e-02,0.000000000000000000e+00,4.683505152920924286e-01,0.000000000000000000e+00
-7.355036850380740343e-02,0.000000000000000000e+00,9.972915036702930669e-01,0.000000000000000000e+00,1.000000000000000000e+00,0.000000000000000000e+00,-9.972915036702930669e-01,0.000000000000000000e+00,-7.355036850380740343e-02,9.373187714744313226e-02,0.000000000000000000e+00,4.676625023841320949e-01,0.000000000000000000e+00
